0.3626717018248974   0.6373282981751026   1.0
0.392017717856793    0.607982282143207    1.0
0.3486947350153793   0.6513052649846207   1.0
0.415449667608096    0.5845503323919041   1.0
0.44981414417312604  0.550185855826874    1.0
0.4147588272678697   0.5852411727321303   1.0
0.4480281949705205   0.5519718050294795   1.0
0.3944921198371974   0.6055078801628027   1.0
0.40983141012726243  0.5901685898727376   1.0
0.4298416424702727   0.5701583575297273   1.0
0.4298416424702727   0.5701583575297273   1.0
0.5218856310356218   0.47811436896437814  0.0
0.49367722246828777  0.5063227775317122   1.0
0.4994768228542451   0.500523177145755    1.0
0.5026779699570282   0.4973220300429717   0.0
0.5070831296498491   0.4929168703501507   0.0
0.586926538586265    0.413073461413735    0.0
0.3859378015747603   0.6140621984252397   1.0
0.36700923655521306  0.6329907634447869   1.0
0.35216674811750237  0.6478332518824976   1.0
0.36035214636836044  0.6396478536316396   1.0
0.452423817414956    0.547576182585044    1.0
0.4444146383988144   0.5555853616011857   1.0
0.5287882639222862   0.4712117360777139   0.0
0.5010038361242266   0.4989961638757734   0.0
0.3606996202593919   0.639300379740608    1.0
0.32830966240252085  0.6716903375974791   1.0
0.17184466358503142  0.8281553364149685   1.0
0.27321777817893933  0.7267822218210606   1.0
0.30452027150114747  0.6954797284988525   1.0
0.2664416981301616   0.7335583018698384   1.0
0.3829697729331942   0.6170302270668058   1.0