0.0  1.0  2.0  3.0  
0.0  1.0  3.0  2.0
0.0  2.0  1.0  3.0
0.0  2.0  3.0  1.0
0.0  3.0  1.0  2.0
0.0  3.0  2.0  1.0
1.0  0.0  2.0  3.0
1.0  0.0  3.0  2.0
1.0  2.0  0.0  3.0
1.0  2.0  3.0  0.0
1.0  3.0  0.0  2.0
1.0  3.0  2.0  0.0
2.0  0.0  1.0  3.0
2.0  0.0  3.0  1.0
2.0  1.0  0.0  3.0
2.0  1.0  3.0  0.0
2.0  3.0  0.0  1.0
2.0  3.0  1.0  0.0
3.0  0.0  1.0  2.0
3.0  0.0  2.0  1.0
3.0  1.0  0.0  2.0
3.0  1.0  2.0  0.0
3.0  2.0  0.0  1.0



0.0  1.5707963267948966  3.141592653589793  6.283185307179586  ... (32 total)